Test Case : 1
7
18
1
0 2 7
0 1 6
0 4 3
2 3 5
3 6 4
1 5 4
5 6 2
4 3 3
4 5 2
1 0 7
2 0 6
3 4 3
3 2 4
4 0 3
5 1 5
5 4 2
6 5 3
6 3 3
0
6

Test case 2:
7
18
1
0 2 7
0 1 6
0 4 3
2 3 5
3 6 4
1 5 4
5 6 2
4 3 3
4 5 2
1 0 7
2 0 6
3 4 3
3 2 4
4 0 3
5 1 5
5 4 2
6 5 3
6 3 3
1
6

Test Case : 3
7
18
1
a c 7
a b 6
a e 3
c d 5
d g 4
b f 4
f g 2
e d 3
e f 2
b a 7
c a 6
d e 3
d c 4
e a 3
f b 5
f e 2
g f 3
g d 3
a
g


4
4
1
a b 2
a c 4
b d 3
c d 2
a
d

Test case : 5 

6
9
2
0 1 7
0 5 14
0 2 9
5 2 2
5 4 9
2 3 11
2 1 10
4 3 6
1 3 15
0
3

Test case : 6
6
9
2
1 2 7
1 6 14
1 3 9 
6 3 2
6 5 9
3 4 11
3 2 10
5 4 6
2 4 15
1
4













